1.200 5.5415824
1.100 9.5844485
1.000 23.6030666
0.990 26.4690282 
0.980 29.8204170 
0.970 33.7504373 
0.960 38.3714561 
0.950 43.8191160 
0.940 50.2573578 
0.930 57.8845569 
0.920 66.9410276 
0.910 77.7182049 
0.900 90.5698860 
0.890 105.9260034 
0.880 124.3095080 
0.870 146.3570773 
0.860 172.8445297 
0.850 204.7180295 
0.840 243.1324242 
0.830 289.4983656 
0.820 345.5402564 
0.810 413.3675423 
0.800 495.5624616 
0.790 595.2881006 
0.780 716.4215076 
0.770 863.7177444 
0.760 1043.0121456 
0.750 1261.4697787 
0.740 1527.8932339 
0.730 1853.1025192 
0.720 2250.4041144 
0.710 2736.1703032 
0.700 3330.5549449 
0.690 4058.3780973 
0.680 4950.2196572 
0.670 6043.7718086 
0.660 7385.5120058 
0.650 9032.7730391 
0.640 11056.3051295 
0.630 13543.4478361 
0.620 16602.0579324 
0.610 20365.3746349 
0.600 24998.0473390 
0.590 30703.6053980 
0.580 37733.7170566 
0.570 46399.6686445 
0.560 57086.5995344 
0.550 70271.1581746 
0.540 86543.4058987 
0.530 106633.9959281 
0.520 131447.9046275 
0.510 162106.3026112 
0.500 199998.5396506
0.490 246846.6980533 
0.480 304785.7674243 
0.470 376463.2382688 
0.460 465162.8386886 
0.450 574958.2921782 
0.440 710904.4109981 
0.430 879274.6283188 
0.420 1087856.2998073 
0.410 1346317.8796811 
0.400 1666665.5319189 
0.390 2063811.0422880 
0.380 2556278.2601593 
0.370 3167081.9819521 
0.360 3924821.5155969 
0.350 4865041.5437450 
0.340 6031925.8387791 
0.330 7480405.5061389 
0.320 9278783.5329604 
0.310 11512002.4777270 
0.300 14285713.3816524 
0.290 17731342.9434915 
0.280 22012404.5852040 
0.270 27332359.6317914 
0.260 33944410.4074005 
0.250 42163701.3238957 
0.240 52382521.6467362 
0.230 65089250.3426876 
0.220 80891966.4797315 
0.210 100547877.0682693 
0.200 124999999.2710846 
0.190 155422889.6320395 
0.180 193279656.9200243 
0.170 240393049.3149429 
0.160 299034098.3243117 
0.150 372032665.2534943 
0.140 462915313.9653332 
0.130 576077279.4178952 
0.120 716996981.7697361 
0.110 892503633.9461422 
0.100 1111111110.5619442 
0.090 1383434517.9296679 
0.080 1722709991.3064167 
0.070 2145443348.9596984 
0.060 2672219607.5565066 
0.050 3328713326.0991731 
0.040 4146949692.9210186 
0.030 5166878696.8618946 
0.020 6438340249.5690489 
